theta = [0.782, 0.775, 0.765, 0.755, 0.735, 0.725,
		 0.715, 0.71, 0.69, 0.675, 0.655,
		 0.64, 0.628, 0.615, 0.59, 0.57,
		 0.55, 0.54, 0.51, 0.49, 0.465,
		 0.45, 0.415, 0.385, 0.34, 0.3]
lambda = [0.25, 0.26, 0.27, 0.28, 0.29, 0.3,
		  0.31, 0.32, 0.33, 0.34, 0.35,
		  0.36, 0.37, 0.38, 0.39, 0.4,
		  0.41, 0.42, 0.43, 0.44, 0.45,
		  0.46, 0.47, 0.48, 0.49, 0.5]

d_theta = [0.002, 0.005, 0.005, 0.02, 0.02, 0.02,
		   0.02, 0.02, 0.02, 0.02, 0.02,
		   0.02, 0.02, 0.02, 0.02, 0.02,
		   0.02, 0.02, 0.02, 0.02, 0.02,
		   0.04, 0.02, 0.02, 0.02, 0.04]